"Validate no ""text"" in Datamaps"
""
"XU1,XceleraCORE,XSERVICE"
""
Xdatamap1 (datamap.code) missing expected field datamap_code_0
Xdatamap1 (datamap.code) missing expected field datamap_code_1
Xdatamap1 (datamap.code) missing expected field datamap_code_2
Xdatamap2 (datamap.code) missing expected field datamap_code_0
Xdatamap2 (datamap.code) missing expected field datamap_code_1
Xdatamap2 (datamap.code) missing expected field datamap_code_2
Xdatamap3 (datamap.code) missing expected field datamap_code_0
Xdatamap3 (datamap.code) missing expected field datamap_code_1
Xdatamap3 (datamap.code) missing expected field datamap_code_2
Xdatamap3 (datamap.code) missing expected field datamap_code_3
Xdatamap3 (datamap.code) missing expected field datamap_code_4
Xdatamap3 (datamap.code) missing expected field datamap_code_5
Xdatamap4 (datamap.code) missing expected field datamap_code_0
Xdatamap4 (datamap.code) missing expected field datamap_code_1
Xdatamap4 (datamap.code) missing expected field datamap_code_2
"XU1,XceleraCORE,XU19"
""
Xdatamap1 (datamap.function) missing expected field datamap_function_0
Xdatamap1 (datamap.function) missing expected field datamap_function_1
Xdatamap1 (datamap.function) missing expected field datamap_function_2
Xdatamap1 (datamap.function) missing expected field datamap_function_3
Xdatamap2 (datamap.function) missing expected field datamap_function_0
Xdatamap2 (datamap.function) missing expected field datamap_function_1
Xdatamap2 (datamap.function) missing expected field datamap_function_2
Xdatamap2 (datamap.function) missing expected field datamap_function_3
"XU1,XceleraCORE,XU20,XAMPCONTROLhigh"
""
Xdatamap1 (datamap.code) missing expected field datamap_code_0
Xdatamap1 (datamap.code) missing expected field datamap_code_1
Xdatamap1 (datamap.code) missing expected field datamap_code_2
"XU1,XceleraCORE,XU20,XAMPCONTROLlow"
""
Xdatamap1 (datamap.code) missing expected field datamap_code_0
Xdatamap1 (datamap.code) missing expected field datamap_code_1
Xdatamap1 (datamap.code) missing expected field datamap_code_2
"XU1,XceleraCORE,XU20,XAMPCONTROLmedium"
""
Xdatamap1 (datamap.code) missing expected field datamap_code_0
Xdatamap1 (datamap.code) missing expected field datamap_code_1
Xdatamap1 (datamap.code) missing expected field datamap_code_2
"XU1,XceleraCORE,XU20"
""
Xdatamap1 (datamap.function) missing expected field datamap_function_0
Xdatamap1 (datamap.function) missing expected field datamap_function_1
Xdatamap1 (datamap.function) missing expected field datamap_function_2
Xdatamap1 (datamap.function) missing expected field datamap_function_3
Xdatamap1 (datamap.function) missing expected field datamap_function_4
Xdatamap1 (datamap.function) missing expected field datamap_function_5
Xdatamap1 (datamap.function) missing expected field datamap_function_6
Xdatamap1 (datamap.function) missing expected field datamap_function_7
